vw1=0
vw2=0
vw3=0
vw4=0
vw5=0
vw6=0
currHaus=1
TuerX_0=2524.590087
TuerY_0=-1658.647338
TuerZ_0=15.824020
AusgangX_0=444.646911
AusgangY_0=508.239044
AusgangZ_0=1001.419494
HausInterior_0=12
HausVw_0=0
Hauskosten_0=50000
HausScore_0=200
Verkauft_0=0
HausID_0=0
HausBesitzer_0=
